2 130.895589235 0.251999855042 [0, 22, 44, 184]
2 130.906562205 0.251999855042 [0, 22, 45, 183]
2 130.91538029 0.251999855042 [0, 22, 46, 182]
2 130.922152992 0.253000020981 [0, 22, 47, 181]
2 130.926982941 0.253000020981 [0, 22, 48, 180]
2 130.929966382 0.253999948502 [0, 22, 49, 179]
2 130.931193639 0.254999876022 [0, 22, 50, 178]
2 130.931446981 0.254999876022 [0, 23, 40, 187]
2 130.955394915 0.256000041962 [0, 23, 41, 186]
2 130.976505066 0.256000041962 [0, 23, 42, 185]
2 130.994925699 0.256000041962 [0, 23, 43, 184]
2 131.010795708 0.256999969482 [0, 23, 44, 183]
2 131.024245271 0.256999969482 [0, 23, 45, 182]
2 131.03539646 0.257999897003 [0, 23, 46, 181]
2 131.044363814 0.257999897003 [0, 23, 47, 180]
2 131.05125486 0.259000062943 [0, 23, 48, 179]
2 131.056170601 0.259999990463 [0, 23, 49, 178]
2 131.05920597 0.259999990463 [0, 23, 50, 177]
2 131.060450246 0.260999917984 [0, 23, 51, 176]
2 131.073439555 0.260999917984 [0, 24, 42, 184]
2 131.094719831 0.261999845505 [0, 24, 43, 183]
2 131.113298445 0.261999845505 [0, 24, 44, 182]
2 131.129310345 0.263000011444 [0, 24, 45, 181]
2 131.142882313 0.263000011444 [0, 24, 46, 180]
2 131.154133521 0.263999938965 [0, 24, 47, 179]
2 131.163176033 0.263999938965 [0, 24, 48, 178]
2 131.17011529 0.263999938965 [0, 24, 49, 177]
2 131.175050548 0.264999866486 [0, 24, 50, 176]
2 131.178075289 0.264999866486 [0, 24, 51, 175]
2 131.179277609 0.266000032425 [0, 24, 52, 174]
2 131.181881173 0.266000032425 [0, 25, 43, 182]
2 131.203239672 0.266999959946 [0, 25, 44, 181]
2 131.221888146 0.266999959946 [0, 25, 45, 180]
2 131.237957622 0.267999887466 [0, 25, 46, 179]
2 131.251571479 0.267999887466 [0, 25, 47, 178]
2 131.262845945 0.267999887466 [0, 25, 48, 177]
2 131.271890553 0.269000053406 [0, 25, 49, 176]
2 131.278808575 0.269000053406 [0, 25, 50, 175]
2 131.283697422 0.269999980927 [0, 25, 51, 174]
2 131.286649026 0.269999980927 [0, 25, 52, 173]
2 131.287750182 0.270999908447 [0, 25, 53, 172]
2 131.302115204 0.270999908447 [0, 26, 45, 179]
2 131.32074821 0.271999835968 [0, 26, 46, 178]
2 131.336793305 0.271999835968 [0, 26, 47, 177]
2 131.35037048 0.273000001907 [0, 26, 48, 176]
2 131.361593006 0.273000001907 [0, 26, 49, 175]
2 131.370567846 0.273000001907 [0, 26, 50, 174]
2 131.377396051 0.273999929428 [0, 26, 51, 173]
2 131.38217312 0.274999856949 [0, 26, 52, 172]
2 131.384989349 0.289000034332 [0, 26, 53, 171]
2 131.385930146 0.289000034332 [0, 26, 54, 170]
2 131.391385108 0.289000034332 [0, 27, 46, 177]
2 131.409920055 0.289999961853 [0, 27, 47, 176]
2 131.42586116 0.289999961853 [0, 27, 48, 175]
2 131.439325059 0.290999889374 [0, 27, 49, 174]
2 131.450422075 0.290999889374 [0, 27, 50, 173]
2 131.459256588 0.290999889374 [0, 27, 51, 172]
2 131.465927392 0.292000055313 [0, 27, 52, 171]
2 131.470528028 0.292000055313 [0, 27, 53, 170]
2 131.473147094 0.292999982834 [0, 27, 54, 169]
2 131.473868541 0.294999837875 [0, 27, 55, 168]
2 131.489434417 0.294999837875 [0, 28, 48, 174]
2 131.505194232 0.296000003815 [0, 28, 49, 173]
2 131.518470241 0.296000003815 [0, 28, 50, 172]
2 131.529369843 0.296999931335 [0, 28, 51, 171]
2 131.537994836 0.297999858856 [0, 28, 52, 170]
2 131.544441745 0.297999858856 [0, 28, 53, 169]
2 131.548802118 0.299000024796 [0, 28, 54, 168]
2 131.551162816 0.299000024796 [0, 28, 55, 167]
2 131.551606281 0.299999952316 [0, 28, 56, 166]
2 131.559312486 0.299999952316 [0, 29, 49, 172]
2 131.57481596 0.299999952316 [0, 29, 50, 171]
2 131.58783142 0.300999879837 [0, 29, 51, 170]
2 131.598463374 0.300999879837 [0, 29, 52, 169]
2 131.606811058 0.302000045776 [0, 29, 53, 168]
2 131.612968723 0.302999973297 [0, 29, 54, 167]
2 131.617025913 0.302999973297 [0, 29, 55, 166]
2 131.619067722 0.302999973297 [0, 29, 56, 165]
2 131.619175043 0.303999900818 [0, 29, 57, 164]
2 131.619566886 0.303999900818 [0, 30, 50, 170]
2 131.634741149 0.305000066757 [0, 30, 51, 169]
2 131.64742531 0.305000066757 [0, 30, 52, 168]
2 131.657721041 0.305000066757 [0, 30, 53, 167]
2 131.665725039 0.305999994278 [0, 30, 54, 166]
2 131.671529296 0.307999849319 [0, 30, 55, 165]
2 131.675221344 0.309000015259 [0, 30, 56, 164]
2 131.676884497 0.309000015259 [0, 30, 57, 163]
2 131.684976811 0.30999994278 [0, 31, 52, 167]
2 131.697260783 0.31200003624 [0, 31, 53, 166]
2 131.70715334 0.31200003624 [0, 31, 54, 165]
2 131.714748683 0.31299996376 [0, 31, 55, 164]
2 131.720136561 0.31299996376 [0, 31, 56, 163]
2 131.723402503 0.313999891281 [0, 31, 57, 162]
2 131.725522909 0.313999891281 [0, 32, 53, 165]
2 131.737339591 0.31500005722 [0, 32, 54, 164]
2 131.746763612 0.31500005722 [0, 32, 55, 163]
2 131.753886714 0.315999984741 [0, 32, 56, 162]
2 131.756373005 0.315999984741 [0, 33, 54, 163]
2 131.767657018 0.317999839783 [0, 33, 55, 162]
2 131.776548673 0.317999839783 [0, 33, 56, 161]
2 131.77751483 0.319000005722 [0, 34, 55, 161]
Starting to work with 3 points. 0.319999933243
3 131.778192723 0.401999950409 [0, 4, 27, 37, 37, 145]
3 131.804885381 0.401999950409 [0, 4, 27, 38, 38, 143]
3 131.809889652 0.414000034332 [0, 5, 24, 38, 38, 145]
3 131.828768737 0.414000034332 [0, 5, 25, 36, 36, 148]
3 131.847577788 0.414999961853 [0, 5, 25, 37, 37, 146]
3 131.862074798 0.414999961853 [0, 5, 25, 38, 38, 144]
3 131.882868965 0.415999889374 [0, 5, 26, 37, 37, 145]
3 131.901169691 0.415999889374 [0, 5, 26, 38, 38, 143]
3 131.905293767 0.417000055313 [0, 5, 27, 37, 37, 144]
3 131.915100933 0.417000055313 [0, 5, 28, 37, 37, 143]
3 131.919661582 0.427999973297 [0, 6, 24, 37, 37, 146]
3 131.926110796 0.427999973297 [0, 6, 24, 38, 38, 144]
3 131.929989971 0.428999900818 [0, 6, 25, 35, 35, 149]
3 131.949393458 0.428999900818 [0, 6, 25, 36, 36, 147]
3 131.964085679 0.430000066757 [0, 6, 25, 37, 37, 145]
3 131.974321431 0.430000066757 [0, 6, 25, 38, 38, 143]
3 131.976645616 0.430999994278 [0, 6, 26, 36, 36, 146]
3 131.995320916 0.430999994278 [0, 6, 26, 37, 37, 144]
3 132.013618681 0.431999921799 [0, 6, 27, 37, 37, 143]
3 132.019229328 0.431999921799 [0, 6, 28, 37, 37, 142]
3 132.021514836 0.440999984741 [0, 7, 24, 37, 37, 145]
3 132.024020198 0.441999912262 [0, 7, 24, 38, 38, 143]
3 132.03516156 0.442999839783 [0, 7, 25, 35, 35, 148]
3 132.05096547 0.442999839783 [0, 7, 25, 36, 36, 146]
3 132.061884156 0.444000005722 [0, 7, 25, 37, 37, 144]
3 132.074083165 0.444999933243 [0, 7, 26, 36, 36, 145]
3 132.088993865 0.444999933243 [0, 7, 26, 37, 37, 143]
3 132.103096938 0.445999860764 [0, 7, 27, 37, 37, 142]
3 132.104698795 0.453999996185 [0, 8, 24, 37, 37, 144]
3 132.120913268 0.454999923706 [0, 8, 25, 35, 35, 147]
3 132.133466069 0.454999923706 [0, 8, 25, 36, 36, 145]
3 132.140942387 0.455999851227 [0, 8, 25, 37, 37, 143]
3 132.152381179 0.457000017166 [0, 8, 26, 36, 36, 144]
3 132.16385762 0.457000017166 [0, 8, 26, 37, 37, 142]
3 132.168862428 0.463999986649 [0, 9, 24, 36, 36, 145]
3 132.169221204 0.464999914169 [0, 9, 24, 37, 37, 143]
3 132.172054152 0.46599984169 [0, 9, 25, 34, 34, 148]
3 132.187284803 0.467000007629 [0, 9, 25, 35, 35, 146]
3 132.196918409 0.467000007629 [0, 9, 25, 36, 36, 144]
3 132.201268844 0.46799993515 [0, 9, 25, 37, 37, 142]
3 132.211563634 0.468999862671 [0, 9, 26, 36, 36, 143]
3 132.213069267 0.47000002861 [0, 9, 27, 36, 36, 142]
3 132.214759908 0.475999832153 [0, 10, 24, 35, 35, 146]
3 132.21760156 0.476999998093 [0, 10, 24, 36, 36, 144]
3 132.221498442 0.476999998093 [0, 10, 25, 34, 34, 147]
3 132.222514237 0.477999925613 [0, 10, 25, 34, 35, 146]
3 132.234358036 0.478999853134 [0, 10, 25, 35, 35, 145]
3 132.241385389 0.478999853134 [0, 10, 25, 36, 36, 143]
3 132.251694356 0.480000019073 [0, 10, 26, 36, 36, 142]
3 132.254815477 0.484999895096 [0, 11, 25, 34, 35, 145]
3 132.256721395 0.486000061035 [0, 11, 25, 34, 36, 144]
3 132.257286659 0.486999988556 [0, 11, 25, 34, 37, 143]
3 132.2622542 0.486999988556 [0, 11, 25, 35, 35, 144]
3 132.26416323 0.487999916077 [0, 11, 25, 35, 36, 143]
3 132.264730391 0.488999843597 [0, 11, 25, 35, 37, 142]
3 132.266967223 0.488999843597 [0, 11, 25, 36, 36, 142]
3 132.272874574 0.490000009537 [0, 11, 26, 36, 36, 141]
3 132.275241149 0.494999885559 [0, 12, 25, 34, 37, 142]
3 132.275465541 0.496000051498 [0, 12, 25, 35, 36, 142]
Starting to work with 4 points. 0.513000011444
4 132.286147216 2.47599983215 [0, 3, 11, 20, 27, 27, 27, 135]
4 132.287234239 2.47799992561 [0, 3, 11, 20, 27, 28, 28, 133]
4 132.2880595 2.48000001907 [0, 3, 11, 21, 26, 28, 28, 133]
4 132.305285344 2.48199987411 [0, 3, 11, 21, 27, 27, 27, 134]
4 132.309274082 2.48399996758 [0, 3, 11, 22, 27, 27, 27, 133]
4 132.310464059 2.49899983406 [0, 3, 12, 20, 27, 27, 27, 134]
4 132.311309831 2.50099992752 [0, 3, 12, 21, 26, 27, 27, 134]
4 132.325231179 2.50300002098 [0, 3, 12, 21, 27, 27, 27, 133]
4 132.326882214 2.86800003052 [0, 4, 10, 22, 27, 27, 27, 133]
4 132.337360661 2.8869998455 [0, 4, 11, 20, 26, 26, 26, 137]
4 132.337794158 2.8869998455 [0, 4, 11, 20, 26, 27, 27, 135]
4 132.345433301 2.88800001144 [0, 4, 11, 20, 27, 27, 27, 134]
4 132.345870468 2.88800001144 [0, 4, 11, 21, 26, 26, 26, 136]
4 132.346308035 2.88899993896 [0, 4, 11, 21, 26, 27, 27, 134]
4 132.360279616 2.88899993896 [0, 4, 11, 21, 27, 27, 27, 133]
4 132.36232426 2.90100002289 [0, 4, 12, 20, 26, 27, 27, 134]
4 132.365530917 2.90199995041 [0, 4, 12, 20, 27, 27, 27, 133]
4 132.366424152 2.90199995041 [0, 4, 12, 21, 26, 27, 27, 133]
4 132.375969966 2.90299987793 [0, 4, 12, 21, 27, 27, 27, 132]
4 132.378845557 3.18099999428 [0, 5, 11, 20, 26, 26, 26, 136]
4 132.379443241 3.1819999218 [0, 5, 11, 20, 27, 27, 27, 133]
4 132.382976107 3.1819999218 [0, 5, 11, 21, 26, 26, 26, 135]
4 132.38991763 3.18299984932 [0, 5, 11, 21, 27, 27, 27, 132]
4 132.390968728 3.19400000572 [0, 5, 12, 20, 25, 27, 27, 134]
4 132.393818706 3.19499993324 [0, 5, 12, 20, 26, 26, 26, 135]
4 132.396459575 3.19499993324 [0, 5, 12, 20, 26, 27, 27, 133]
4 132.396897589 3.40999984741 [0, 6, 12, 19, 24, 25, 27, 137]
4 132.397094782 3.40999984741 [0, 6, 12, 19, 24, 25, 28, 136]
4 132.39840308 3.40999984741 [0, 6, 12, 19, 24, 26, 26, 137]
4 132.399612325 3.41100001335 [0, 6, 12, 19, 24, 26, 27, 136]
4 132.399809882 3.41100001335 [0, 6, 12, 19, 24, 26, 28, 135]
4 132.400869322 3.41199994087 [0, 6, 12, 19, 25, 26, 27, 135]
4 132.401067196 3.41199994087 [0, 6, 12, 19, 25, 26, 28, 134]
4 132.401324779 3.41299986839 [0, 6, 12, 20, 25, 25, 26, 136]
4 132.402537064 3.41299986839 [0, 6, 12, 20, 25, 25, 27, 135]
4 132.402735368 3.41400003433 [0, 6, 12, 20, 25, 25, 28, 134]
4 132.404048372 3.41400003433 [0, 6, 12, 20, 25, 26, 26, 135]
4 132.405261479 3.41499996185 [0, 6, 12, 20, 25, 26, 27, 134]
4 132.405460149 3.41499996185 [0, 6, 12, 20, 25, 26, 28, 133]
4 132.406281089 3.41499996185 [0, 6, 12, 20, 26, 26, 27, 133]
4 132.406697351 3.4240000248 [0, 6, 13, 19, 24, 27, 27, 134]
4 132.406896237 3.4240000248 [0, 6, 13, 19, 24, 27, 28, 133]
4 132.407379466 3.5720000267 [0, 7, 12, 19, 24, 25, 29, 134]
Starting to work with 5 points. 3.91599988937
5 132.410562857 23.8729999065 [0, 2, 6, 11, 17, 21, 21, 21, 21, 130]
5 132.412721889 23.8739998341 [0, 2, 6, 11, 17, 21, 22, 22, 22, 127]
5 132.41348159 23.8739998341 [0, 2, 6, 11, 18, 21, 21, 21, 21, 129]
5 132.415353781 23.888999939 [0, 2, 6, 12, 17, 20, 22, 22, 22, 127]
5 132.415913701 24.2769999504 [0, 2, 7, 11, 16, 20, 21, 22, 22, 129]
5 132.416084402 24.2779998779 [0, 2, 7, 11, 16, 20, 22, 22, 22, 128]
5 132.416253329 24.2779998779 [0, 2, 7, 11, 16, 21, 22, 22, 22, 127]
5 132.417775764 24.2790000439 [0, 2, 7, 11, 17, 20, 20, 22, 22, 129]
5 132.420753242 24.2790000439 [0, 2, 7, 11, 17, 20, 21, 21, 21, 130]
5 132.42334428 24.2799999714 [0, 2, 7, 11, 17, 20, 21, 22, 22, 128]
5 132.423518918 24.2799999714 [0, 2, 7, 11, 17, 20, 22, 22, 22, 127]
5 132.429706332 24.2799999714 [0, 2, 7, 11, 17, 21, 21, 21, 21, 129]
5 132.432302193 24.2809998989 [0, 2, 7, 11, 17, 21, 21, 22, 22, 127]
5 132.440916939 29.5479998589 [0, 3, 6, 11, 17, 21, 21, 21, 21, 129]
5 132.442324518 29.8699998856 [0, 3, 7, 11, 16, 19, 20, 21, 21, 132]
5 132.443425652 29.8710000515 [0, 3, 7, 11, 16, 19, 21, 21, 21, 131]
5 132.444824595 29.8710000515 [0, 3, 7, 11, 16, 20, 20, 20, 20, 133]
5 132.447094925 29.871999979 [0, 3, 7, 11, 16, 20, 20, 21, 21, 131]
5 132.448199728 29.871999979 [0, 3, 7, 11, 16, 20, 21, 21, 21, 130]
5 132.45010426 29.8729999065 [0, 3, 7, 11, 17, 20, 20, 21, 21, 130]
5 132.45121248 29.8729999065 [0, 3, 7, 11, 17, 20, 21, 21, 21, 129]
5 132.455729709 29.8739998341 [0, 3, 7, 11, 17, 21, 21, 21, 21, 128]
5 132.45611975 33.3039999008 [0, 4, 7, 11, 16, 19, 20, 20, 21, 132]
5 132.457180286 33.3039999008 [0, 4, 7, 11, 16, 19, 20, 20, 22, 131]
5 132.457386243 33.3039999008 [0, 4, 7, 11, 16, 19, 20, 20, 23, 130]
5 132.457478306 33.3050000668 [0, 4, 7, 11, 16, 20, 20, 20, 22, 130]
5 132.457684494 33.3050000668 [0, 4, 7, 11, 16, 20, 20, 20, 23, 129]
5 132.457687863 33.4849998951 [0, 4, 8, 11, 15, 18, 19, 21, 22, 132]
5 132.457893852 33.486000061 [0, 4, 8, 11, 15, 18, 19, 21, 23, 131]
5 132.459123957 33.486000061 [0, 4, 8, 11, 15, 18, 19, 22, 22, 131]
5 132.459330104 33.486000061 [0, 4, 8, 11, 15, 18, 19, 22, 23, 130]
Starting to work with 6 points. 37.9769999981
6 132.46062297 108.606999874 [0, 1, 4, 7, 10, 15, 18, 18, 18, 18, 18, 123]
6 132.461364881 111.644999981 [0, 1, 5, 7, 11, 14, 17, 18, 18, 18, 18, 123]
6 132.464890393 148.368999958 [0, 2, 4, 7, 10, 14, 16, 17, 17, 17, 17, 129]
6 132.471493041 148.368999958 [0, 2, 4, 7, 10, 14, 17, 17, 17, 17, 17, 128]
6 132.47381821 148.369999886 [0, 2, 4, 7, 10, 15, 17, 17, 17, 17, 17, 127]
6 132.475417859 148.384000063 [0, 2, 4, 7, 11, 14, 17, 18, 18, 18, 18, 123]
6 132.475509991 151.214999914 [0, 2, 5, 7, 10, 14, 16, 16, 16, 17, 17, 130]
6 132.477570435 151.215999842 [0, 2, 5, 7, 10, 14, 16, 16, 16, 18, 18, 128]
6 132.477698074 151.217000008 [0, 2, 5, 7, 10, 14, 16, 16, 17, 18, 18, 127]
6 132.478568082 151.217999935 [0, 2, 5, 7, 10, 14, 16, 17, 17, 18, 18, 126]
6 132.478637416 151.217999935 [0, 2, 5, 7, 10, 14, 17, 17, 17, 17, 17, 127]
6 132.480702783 151.218999863 [0, 2, 5, 7, 10, 14, 17, 17, 17, 18, 18, 125]
6 132.482072796 151.409999847 [0, 2, 5, 8, 10, 13, 15, 16, 18, 18, 18, 127]
6 132.482301579 151.411000013 [0, 2, 5, 8, 10, 14, 16, 16, 18, 18, 18, 125]
6 132.482403938 151.421999931 [0, 2, 5, 8, 11, 13, 15, 17, 18, 18, 18, 125]
6 132.482621991 170.904999971 [0, 3, 5, 7, 10, 13, 15, 16, 16, 16, 19, 130]
6 132.48280888 170.907000065 [0, 3, 5, 7, 10, 13, 15, 16, 16, 16, 20, 129]
6 132.483513364 170.907000065 [0, 3, 5, 7, 10, 13, 15, 16, 16, 17, 19, 129]
6 132.483700336 170.907999992 [0, 3, 5, 7, 10, 13, 15, 16, 16, 17, 20, 128]
6 132.48374605 170.90899992 [0, 3, 5, 7, 10, 14, 16, 16, 16, 17, 19, 127]
6 132.483933531 170.909999847 [0, 3, 5, 7, 10, 14, 16, 16, 16, 17, 20, 126]
6 132.483939738 171.088000059 [0, 3, 5, 8, 10, 13, 15, 16, 17, 17, 20, 126]
6 132.48397334 172.336999893 [0, 3, 6, 8, 9, 12, 14, 14, 17, 19, 20, 128]
6 132.484020209 172.358999968 [0, 3, 6, 8, 10, 12, 14, 15, 17, 19, 19, 127]
6 132.484207817 172.358999968 [0, 3, 6, 8, 10, 12, 14, 15, 17, 19, 20, 126]
Starting to work with 7 points. 189.375999928
7 132.484446259 437.029999971 [0, 1, 3, 5, 7, 9, 12, 14, 14, 15, 15, 15, 15, 125]
7 132.491445032 437.030999899 [0, 1, 3, 5, 7, 9, 13, 15, 15, 15, 15, 15, 15, 122]
7 132.493683706 437.044999838 [0, 1, 3, 5, 7, 10, 12, 14, 15, 15, 15, 15, 15, 123]
7 132.4942508 437.046000004 [0, 1, 3, 5, 7, 10, 13, 15, 15, 15, 15, 15, 15, 121]
7 132.495180602 548.99000001 [0, 2, 3, 5, 7, 9, 12, 14, 14, 14, 14, 14, 14, 128]
7 132.496279836 548.990999937 [0, 2, 3, 5, 7, 9, 12, 14, 14, 14, 14, 14, 15, 127]
7 132.496687434 548.990999937 [0, 2, 3, 5, 7, 9, 12, 14, 14, 14, 14, 14, 16, 126]
7 132.497045731 561.750999928 [0, 2, 4, 6, 7, 9, 10, 11, 13, 13, 15, 15, 16, 129]
7 132.497977586 561.750999928 [0, 2, 4, 6, 7, 9, 10, 11, 13, 13, 15, 16, 16, 128]
7 132.498029793 561.754999876 [0, 2, 4, 6, 7, 9, 11, 12, 13, 13, 15, 15, 15, 128]
7 132.498438162 561.756000042 [0, 2, 4, 6, 7, 9, 11, 12, 13, 13, 15, 15, 16, 127]
7 132.499372686 561.756000042 [0, 2, 4, 6, 7, 9, 11, 12, 13, 13, 15, 16, 16, 126]
7 132.499501672 561.853999853 [0, 2, 4, 6, 8, 9, 10, 11, 13, 15, 15, 16, 16, 125]
Starting to work with 8 points. 631.052000046
8 132.501519404 1209.5 [0, 1, 2, 4, 5, 7, 9, 10, 11, 13, 13, 13, 13, 13, 13, 123]
8 132.502924213 1209.50099993 [0, 1, 2, 4, 5, 7, 9, 11, 12, 13, 13, 13, 13, 13, 13, 121]
8 132.503634214 1261.17400002 [0, 1, 3, 4, 6, 7, 8, 9, 10, 11, 12, 13, 13, 14, 14, 125]
8 132.503928865 1261.17499995 [0, 1, 3, 4, 6, 7, 8, 9, 10, 11, 12, 13, 13, 15, 15, 123]
8 132.505227898 1261.17799997 [0, 1, 3, 4, 6, 7, 8, 10, 11, 11, 12, 13, 13, 14, 14, 123]
8 132.505523496 1261.1789999 [0, 1, 3, 4, 6, 7, 8, 10, 11, 11, 12, 13, 13, 15, 15, 121]
8 132.507040764 1264.55500007 [0, 1, 3, 5, 6, 7, 8, 9, 10, 11, 12, 13, 15, 15, 15, 120]
8 132.507847912 1487.98399997 [0, 2, 4, 5, 6, 7, 7, 8, 9, 9, 11, 12, 13, 16, 16, 125]
Starting to work with 9 points. 1568.23600006
9 132.511106258 2694.37599993 [0, 1, 2, 3, 4, 5, 6, 8, 9, 10, 11, 11, 11, 11, 11, 11, 11, 125]
9 132.512721354 2694.37699986 [0, 1, 2, 3, 4, 5, 6, 8, 10, 11, 11, 11, 11, 11, 11, 11, 11, 123]
Starting to work with 10 points. 3140.15199995
10 132.514762138 4877.33800006 [0, 1, 2, 3, 3, 4, 5, 6, 7, 7, 8, 9, 9, 9, 9, 9, 11, 11, 11, 126]
10 132.516981935 4877.34299994 [0, 1, 2, 3, 3, 4, 5, 6, 7, 8, 9, 9, 9, 9, 9, 9, 11, 11, 11, 124]
10 132.517672687 4884.69799995 [0, 1, 2, 3, 4, 4, 5, 6, 7, 7, 8, 9, 9, 9, 9, 11, 11, 11, 11, 123]
Starting to work with 11 points. 5327.25
11 132.518349385 7999.59699988 [0, 1, 2, 3, 3, 4, 4, 5, 5, 6, 6, 6, 7, 7, 8, 8, 9, 9, 11, 11, 11, 124]
11 132.519151116 8000.11500001 [0, 1, 2, 3, 3, 4, 5, 5, 5, 5, 6, 6, 6, 7, 8, 9, 9, 9, 11, 11, 11, 124]
11 132.519240048 8005.18700004 [0, 1, 2, 3, 4, 4, 5, 5, 5, 5, 5, 5, 6, 7, 8, 9, 9, 11, 11, 11, 11, 123]
Starting to work with 12 points. 8526.39199996
Starting to work with 13 points. 11774.381